k
1 1
10 0 15 0 0 0 0 1 0
0 0 0 0 0 0
0 0 0 0 0 0
0 2.5 0 0 0 0
0 0 0 0 0 0
0 0 0 0 0 0
0 1 0 0 0 0
-0.5 0 0 0 0 0
-1.3 -1.1 0 0 0 -126
0 -1.8 0 0 0 0
0 0 0 0 0 0
0 0.1 0 0 -90 0
0.5 0 0 0 0 0
1.3 -1.1 0 0 0 126
0 -1.8 0 0 0 0
0 0 0 0 0 0
0 0.1 0 0 90 0
0 0 0 0 0 0
-0.43 0 0 0 0 0
-1.25 -2 0 0 0 0
0 -1.9 0 0 0 0
0 0 0.5 90 0 0
0.43 0 0 0 0 0
1.25 -2 0 0 0 0
0 -1.9 0 0 0 0
0 0 0.5 270 0 180
7 1 0 90 0 0
-1.3 0 1 0 0 0
0 0 2 0 0 0
0 0 1.8 0 0 0
0 0 0.1 90 90 0
1.3 0 1 0 0 0
0 0 2 0 0 0
0 0 1.8 0 0 0
0 0 0.1 90 90 0
0 0 -1.1 0 0 0
k
1 1
-10.6752 0 14.5272 0 70 0 0 1 0
0 0 0 0 0 0
0 0 0 0 0 0
0 2.5 0 0 0 0
0 0 0 0 0 0
0 0 0 0 0 0
0 1 0 0 0 0
-0.5 0 0 0 0 0
-1.3 -1.1 0 0 0 -126
0 -1.8 0 0 0 0
0 0 0 0 0 0
0 0.1 0 0 -90 0
0.5 0 0 0 0 0
1.3 -1.1 0 0 0 126
0 -1.8 0 0 0 0
0 0 0 0 0 0
0 0.1 0 0 90 0
0 0 0 0 0 0
-0.43 0 0 0 0 0
-1.25 -2 0 0 0 0
0 -1.9 0 0 0 0
0 0 0.5 90 0 0
0.43 0 0 0 0 0
1.25 -2 0 0 0 0
0 -1.9 0 0 0 0
0 0 0.5 270 0 180
7 1 0 90 0 0
-1.3 0 1 0 0 0
0 0 2 0 0 0
0 0 1.8 0 0 0
0 0 0.1 90 90 0
1.3 0 1 0 0 0
0 0 2 0 0 0
0 0 1.8 0 0 0
0 0 0.1 90 90 0
0 0 -1.1 0 0 0
k
1 1
-17.9185 4 -1.98137 0 130 0 0 1 0
0 0 0 0 0 0
0 0 0 0 0 0
0 2.5 0 0 0 0
0 0 0 0 0 0
0 0 0 0 0 0
0 1 0 0 0 0
-0.5 0 0 0 0 0
-1.3 -1.1 0 0 0 -126
0 -1.8 0 0 0 0
0 0 0 0 0 0
0 0.1 0 0 -90 0
0.5 0 0 0 0 0
1.3 -1.1 0 0 0 126
0 -1.8 0 0 0 0
0 0 0 0 0 0
0 0.1 0 0 90 0
0 0 0 0 0 0
-0.43 0 0 0 0 0
-1.25 -2 0 0 0 0
0 -1.9 0 0 0 0
0 0 0.5 90 0 0
0.43 0 0 0 0 0
1.25 -2 0 0 0 0
0 -1.9 0 0 0 0
0 0 0.5 270 0 180
7 1 0 90 0 0
-1.3 0 1 0 0 0
0 0 2 0 0 0
0 0 1.8 0 0 0
0 0 0.1 90 90 0
1.3 0 1 0 0 0
0 0 2 0 0 0
0 0 1.8 0 0 0
0 0 0.1 90 90 0
0 0 -1.1 0 0 0
k
1 1
-7.81508 4 -16.2458 0 188 0 0 1 0
0 0 0 0 0 0
0 0 0 0 0 0
0 2.5 0 0 0 0
0 0 0 0 0 0
0 0 0 0 0 0
0 1 0 0 0 0
-0.5 0 0 0 0 0
-1.3 -1.1 0 0 0 -126
0 -1.8 0 0 0 0
0 0 0 0 0 0
0 0.1 0 0 -90 0
0.5 0 0 0 0 0
1.3 -1.1 0 0 0 126
0 -1.8 0 0 0 0
0 0 0 0 0 0
0 0.1 0 0 90 0
0 0 0 0 0 0
-0.43 0 0 0 0 0
-1.25 -2 0 0 0 0
0 -1.9 0 0 0 0
0 0 0.5 90 0 0
0.43 0 0 0 0 0
1.25 -2 0 0 0 0
0 -1.9 0 0 0 0
0 0 0.5 270 0 180
7 1 0 90 0 0
-1.3 0 1 0 0 0
0 0 2 0 0 0
0 0 1.8 0 0 0
0 0 0.1 90 90 0
1.3 0 1 0 0 0
0 0 2 0 0 0
0 0 1.8 0 0 0
0 0 0.1 90 90 0
0 0 -1.1 0 0 0
k
1 1
14.2659 4 -11.022 0 266 0 0 1 0
0 0 0 0 0 0
0 0 0 0 0 0
0 2.5 0 0 0 0
0 0 0 0 0 0
0 0 0 0 0 0
0 1 0 0 0 0
-0.5 0 0 0 0 0
-1.3 -1.1 0 0 0 -126
0 -1.8 0 0 0 0
0 0 0 0 0 0
0 0.1 0 0 -90 0
0.5 0 0 0 0 0
1.3 -1.1 0 0 0 126
0 -1.8 0 0 0 0
0 0 0 0 0 0
0 0.1 0 0 90 0
0 0 0 0 0 0
-0.43 0 0 0 0 0
-1.25 -2 0 0 0 0
0 -1.9 0 0 0 0
0 0 0.5 90 0 0
0.43 0 0 0 0 0
1.25 -2 0 0 0 0
0 -1.9 0 0 0 0
0 0 0.5 270 0 180
7 1 0 90 0 0
-1.3 0 1 0 0 0
0 0 2 0 0 0
0 0 1.8 0 0 0
0 0 0.1 90 90 0
1.3 0 1 0 0 0
0 0 2 0 0 0
0 0 1.8 0 0 0
0 0 0.1 90 90 0
0 0 -1.1 0 0 0
k
1 1
14.2659 4 -11.022 0 266 0 0 1 0
0 0 0 -24 0 0
0 0 0 0 0 0
0 2.5 0 0 0 0
0 0 0 0 0 0
0 0 0 0 0 0
0 1 0 0 0 0
-0.5 0 0 0 0 0
-1.3 -1.1 0 0 0 -126
0 -1.8 0 0 0 0
0 0 0 0 0 0
0 0.1 0 0 -90 0
0.5 0 0 0 0 0
1.3 -1.1 0 0 0 126
0 -1.8 0 0 0 0
0 0 0 0 0 0
0 0.1 0 0 90 0
0 0 0 0 0 0
-0.43 0 0 0 0 0
-1.25 -2 0 0 0 0
0 -1.9 0 0 0 0
0 0 0.5 90 0 0
0.43 0 0 0 0 0
1.25 -2 0 0 0 0
0 -1.9 0 0 0 0
0 0 0.5 270 0 180
7 1 0 106 0 0
-1.3 0 1 0 0 0
0 0 2 0 0 0
0 0 1.8 0 0 0
0 0 0.1 90 90 0
1.3 0 1 0 0 0
0 0 2 0 0 0
0 0 1.8 0 0 0
0 0 0.1 90 90 0
0 0 -1.1 0 0 0
k
1 1
14.5272 4 10.6752 0 340 0 0 1 0
0 0 0 -24 0 0
0 0 0 0 0 0
0 2.5 0 0 0 0
0 0 0 0 0 0
0 0 0 0 0 0
0 1 0 0 0 0
-0.5 0 0 0 0 0
-1.3 -1.1 0 0 0 -126
0 -1.8 0 0 0 0
0 0 0 0 0 0
0 0.1 0 0 -90 0
0.5 0 0 0 0 0
1.3 -1.1 0 0 0 126
0 -1.8 0 0 0 0
0 0 0 0 0 0
0 0.1 0 0 90 0
0 0 0 0 0 0
-0.43 0 0 0 0 0
-1.25 -2 0 0 0 0
0 -1.9 0 0 0 0
0 0 0.5 90 0 0
0.43 0 0 0 0 0
1.25 -2 0 0 0 0
0 -1.9 0 0 0 0
0 0 0.5 270 0 180
7 1 0 106 0 0
-1.3 0 1 0 0 0
0 0 2 0 0 0
0 0 1.8 0 0 0
0 0 0.1 90 90 0
1.3 0 1 0 0 0
0 0 2 0 0 0
0 0 1.8 0 0 0
0 0 0.1 90 90 0
0 0 -1.1 0 0 0
