Vendor: Intel Open Source Technology Center
Renderer: Mesa DRI Intel(R) Haswell Desktop 
Version: 3.3 (Core Profile) Mesa 10.1.3
GLSL Version: 3.30
Reading keyframes file
k
k
k
Keyframe reading done. Number of states loaded: 3
1
2
1
Creating animation
0
10 0 15
0.0107527
10 0 15
0.0215054
10 0 15
0.0322581
10 0 15
0.0430108
10 0 15
0.0537634
10 0 15
0.0645161
10 0 15
0.0752688
10 0 15
0.0860215
10 0 15
0.0967742
10 0 15
0.107527
10 0 15
0.11828
10 0 15
0.129032
10 0 15
0.139785
10 0 15
0.150538
10 0 15
0.16129
10 0 15
0.172043
10 0 15
0.182796
10 0 15
0.193548
10 0 15
0.204301
10 0 15
0.215054
10 0 15
0.225806
10 0 15
0.236559
10 0 15
0.247312
10 0 15
0.258065
10 0 15
0.268817
10 0 15
0.27957
10 0 15
0.290323
10 0 15
0.301075
10 0 15
0.311828
10 0 15
0.322581
10 0 15
0.333333
10 0 15
0.344086
10 0 15
0.354839
10 0 15
0.365591
10 0 15
0.376344
10 0 15
0.387097
10 0 15
0.397849
10 0 15
0.408602
10 0 15
0.419355
10 0 15
0.430108
10 0 15
0.44086
10 0 15
0.451613
10 0 15
0.462366
10 0 15
0.473118
10 0 15
0.483871
10 0 15
0.494624
10 0 15
0.505376
10 0 15
0.516129
10 0 15
0.526882
10 0 15
0.537634
10 0 15
0.548387
10 0 15
0.55914
10 0 15
0.569892
10 0 15
0.580645
10 0 15
0.591398
10 0 15
0.602151
10 0 15
0.612903
10 0 15
0.623656
10 0 15
0.634409
10 0 15
0.645161
10 0 15
0.655914
10 0 15
Animation done!
